================================================================================
📊 模型源数据集训练与评估综合报告
生成时间: 2026-01-15 12:59:13
保存路径: Transfer_Learning_ResNet50_20260115_094012\stage1_source_training
设备: cuda (多GPU: True)
总训练轮次: 139/150
总训练时间: 10630.21秒 (约177.17分钟)
最佳验证模型所在轮次: 89
最佳模型对应学习率: 1.00e-08
类别配置: 6类 (Ra0.05, Ra0.1, Ra0.2, Ra0.4, Ra0.8, Ra1.6)
================================================================================

📉 学习率调整记录
----------------------------------------------------------------------
调整轮次       调整前LR           调整后LR           调整原因                          
----------------------------------------------------------------------
38         1.00e-04        5.00e-05        中期-验证指标连续5轮未提升                
54         5.00e-05        2.50e-05        中期-验证指标连续5轮未提升                
55         2.50e-05        1.25e-05        验证损失连续5轮无下降（损失驱动）             
60         1.25e-05        6.25e-06        后期-验证指标连续2轮未提升                
62         6.25e-06        3.13e-06        后期-验证指标连续2轮未提升                
65         3.13e-06        1.56e-06        后期-验证指标连续2轮未提升                
67         1.56e-06        7.81e-07        后期-验证指标连续2轮未提升                
69         7.81e-07        3.91e-07        后期-验证指标连续2轮未提升                
71         3.91e-07        1.95e-07        后期-验证指标连续2轮未提升                
73         1.95e-07        9.77e-08        后期-验证指标连续2轮未提升                
74         9.77e-08        4.88e-08        验证损失连续5轮无下降（损失驱动）             
76         4.88e-08        2.44e-08        后期-验证指标连续3轮未提升                
79         2.44e-08        1.22e-08        后期-验证指标连续2轮未提升                
81         1.22e-08        1.00e-08        后期-验证指标连续2轮未提升                

📈 训练集指标汇总
--------------------------------------------------
Epoch    Loss       Accuracy(%)     Learning Rate  
--------------------------------------------------
1        1.5095     38.72           1.00e-04       
2        1.1471     54.69           1.00e-04       
3        0.9551     62.43           1.00e-04       
4        0.8650     65.84           1.00e-04       
5        0.8090     68.08           1.00e-04       
6        0.7532     69.70           1.00e-04       
7        0.6896     72.62           1.00e-04       
8        0.6684     73.38           1.00e-04       
9        0.6548     74.51           1.00e-04       
10       0.6219     75.98           1.00e-04       
11       0.5730     77.59           1.00e-04       
12       0.5622     77.88           1.00e-04       
13       0.5337     78.83           1.00e-04       
14       0.5125     79.56           1.00e-04       
15       0.5003     80.93           1.00e-04       
16       0.4870     81.33           1.00e-04       
17       0.4580     82.26           1.00e-04       
18       0.4514     82.17           1.00e-04       
19       0.4388     83.52           1.00e-04       
20       0.4336     83.09           1.00e-04       
21       0.4014     84.83           1.00e-04       
22       0.3921     84.72           1.00e-04       
23       0.3956     84.82           1.00e-04       
24       0.3781     85.87           1.00e-04       
25       0.3835     84.93           1.00e-04       
26       0.3549     86.61           1.00e-04       
27       0.3580     86.31           1.00e-04       
28       0.3522     86.41           1.00e-04       
29       0.3284     87.38           1.00e-04       
30       0.3326     87.36           1.00e-04       
31       0.3082     88.52           1.00e-04       
32       0.3252     87.53           1.00e-04       
33       0.2960     89.01           1.00e-04       
34       0.3015     88.54           1.00e-04       
35       0.2919     88.77           1.00e-04       
36       0.2753     89.54           1.00e-04       
37       0.2681     89.74           1.00e-04       
38       0.2655     90.01           5.00e-05       
39       0.2178     92.17           5.00e-05       
40       0.2094     92.09           5.00e-05       
41       0.2116     92.01           5.00e-05       
42       0.2009     92.60           5.00e-05       
43       0.1924     92.75           5.00e-05       
44       0.1839     93.07           5.00e-05       
45       0.1856     93.27           5.00e-05       
46       0.1691     93.69           5.00e-05       
47       0.1753     93.60           5.00e-05       
48       0.1681     94.11           5.00e-05       
49       0.1690     93.79           5.00e-05       
50       0.1549     94.23           5.00e-05       
51       0.1632     93.89           5.00e-05       
52       0.1666     93.99           5.00e-05       
53       0.1544     94.54           5.00e-05       
54       0.1483     94.44           2.50e-05       
55       0.1299     95.42           1.25e-05       
56       0.1089     96.20           1.25e-05       
57       0.1072     95.97           1.25e-05       
58       0.0959     96.66           1.25e-05       
59       0.0951     96.37           1.25e-05       
60       0.0987     96.16           6.25e-06       
61       0.0901     96.80           6.25e-06       
62       0.0902     96.71           3.13e-06       
63       0.0890     96.63           3.13e-06       
64       0.0881     96.99           3.13e-06       
65       0.0803     97.14           1.56e-06       
66       0.0813     96.88           1.56e-06       
67       0.0792     97.13           7.81e-07       
68       0.0835     97.09           7.81e-07       
69       0.0776     97.23           3.91e-07       
70       0.0789     97.25           3.91e-07       
71       0.0823     96.92           1.95e-07       
72       0.0780     97.30           1.95e-07       
73       0.0802     97.03           9.77e-08       
74       0.0792     97.12           4.88e-08       
75       0.0808     96.98           4.88e-08       
76       0.0804     97.26           2.44e-08       
77       0.0789     97.19           2.44e-08       
78       0.0804     97.08           2.44e-08       
79       0.0837     96.86           1.22e-08       
80       0.0809     97.15           1.22e-08       
81       0.0775     97.14           1.00e-08       
82       0.0794     97.19           1.00e-08       
83       0.0801     97.19           1.00e-08       
84       0.0780     97.26           1.00e-08       
85       0.0795     97.17           1.00e-08       
86       0.0771     97.22           1.00e-08       
87       0.0823     97.04           1.00e-08       
88       0.0824     97.07           1.00e-08       
89       0.0790     97.25           1.00e-08       
90       0.0812     97.14           1.00e-08       
91       0.0809     97.09           1.00e-08       
92       0.0793     97.10           1.00e-08       
93       0.0812     96.96           1.00e-08       
94       0.0747     97.43           1.00e-08       
95       0.0828     97.04           1.00e-08       
96       0.0802     97.04           1.00e-08       
97       0.0766     97.26           1.00e-08       
98       0.0846     96.83           1.00e-08       
99       0.0778     97.09           1.00e-08       
100      0.0773     97.36           1.00e-08       
101      0.0836     97.00           1.00e-08       
102      0.0758     97.29           1.00e-08       
103      0.0775     97.18           1.00e-08       
104      0.0777     97.12           1.00e-08       
105      0.0830     97.05           1.00e-08       
106      0.0803     97.22           1.00e-08       
107      0.0816     97.34           1.00e-08       
108      0.0808     97.08           1.00e-08       
109      0.0758     97.26           1.00e-08       
110      0.0848     96.89           1.00e-08       
111      0.0828     97.25           1.00e-08       
112      0.0805     97.01           1.00e-08       
113      0.0764     97.24           1.00e-08       
114      0.0769     97.11           1.00e-08       
115      0.0774     97.32           1.00e-08       
116      0.0842     97.03           1.00e-08       
117      0.0833     96.91           1.00e-08       
118      0.0763     97.31           1.00e-08       
119      0.0780     97.04           1.00e-08       
120      0.0778     97.28           1.00e-08       
121      0.0797     97.17           1.00e-08       
122      0.0871     96.66           1.00e-08       
123      0.0781     97.34           1.00e-08       
124      0.0789     97.32           1.00e-08       
125      0.0769     97.17           1.00e-08       
126      0.0783     97.31           1.00e-08       
127      0.0793     97.11           1.00e-08       
128      0.0744     97.45           1.00e-08       
129      0.0812     97.00           1.00e-08       
130      0.0809     96.98           1.00e-08       
131      0.0799     97.31           1.00e-08       
132      0.0797     97.28           1.00e-08       
133      0.0843     96.86           1.00e-08       
134      0.0816     97.20           1.00e-08       
135      0.0774     97.18           1.00e-08       
136      0.0827     97.14           1.00e-08       
137      0.0821     97.09           1.00e-08       
138      0.0789     97.28           1.00e-08       
139      0.0752     97.36           1.00e-08       

最终训练指标:
  平均损失: 0.2121
  最终准确率: 97.36%
  最终学习率: 1.00e-08

📈 验证集指标汇总
----------------------------------------------------------------------------------------------------
Epoch    Loss       Accuracy(%)     Valid_Acc(%)    MAP(%)     Precision    Recall       F1-Score     Cross-MisRate(%)
----------------------------------------------------------------------------------------------------
1        1.5405     34.16           34.16           45.06      0.4634       0.4375       0.3791       0.00           
2        1.2515     47.99           47.99           59.55      0.5822       0.4348       0.4530       0.00           
3        1.1496     53.26           53.26           63.95      0.6136       0.4554       0.4631       0.00           
4        0.8549     69.15           69.15           79.94      0.7179       0.6727       0.6902       0.00           
5        1.1032     60.45           60.45           65.88      0.7579       0.5161       0.5493       0.00           
6        0.7889     73.08           73.08           85.49      0.7487       0.7777       0.7569       0.00           
7        0.9019     67.98           67.98           77.81      0.7584       0.6633       0.6914       0.00           
8        0.8318     70.48           70.48           81.86      0.7400       0.7593       0.7435       0.00           
9        0.9138     65.05           65.05           81.84      0.7072       0.7224       0.6985       0.00           
10       0.7206     71.45           71.45           84.50      0.7423       0.7575       0.7462       0.00           
11       0.8775     66.05           66.05           78.35      0.7630       0.6009       0.6351       0.00           
12       0.5273     83.95           83.95           93.62      0.8390       0.8682       0.8520       0.00           
13       0.6074     77.34           77.34           90.03      0.7898       0.8301       0.8014       0.00           
14       0.5698     80.48           80.48           91.86      0.8453       0.8372       0.8375       0.00           
15       0.5371     81.23           81.23           92.40      0.8459       0.8198       0.8300       0.00           
16       1.0147     61.54           61.54           71.66      0.6898       0.6011       0.6210       0.00           
17       0.4782     84.82           84.82           94.90      0.8740       0.8811       0.8747       0.00           
18       0.6054     77.09           77.09           89.72      0.8144       0.8061       0.8051       0.00           
19       0.6682     76.88           76.88           87.11      0.8060       0.7340       0.7482       0.00           
20       0.4362     85.37           85.37           95.20      0.8913       0.8756       0.8790       0.00           
21       0.9248     69.15           69.15           77.00      0.7930       0.6283       0.6624       0.00           
22       0.4698     84.78           84.78           94.68      0.8681       0.8733       0.8670       0.00           
23       0.4730     83.78           83.78           94.03      0.8668       0.8545       0.8593       0.00           
24       0.5319     79.68           79.68           92.94      0.8392       0.8489       0.8347       0.00           
25       0.3707     87.75           87.75           96.29      0.8837       0.9046       0.8931       0.00           
26       0.7057     75.84           75.84           85.61      0.8151       0.7199       0.7390       0.00           
27       0.8578     68.06           68.06           81.73      0.7302       0.6400       0.6393       0.00           
28       0.3124     88.63           88.63           97.23      0.9046       0.9087       0.9061       0.00           
29       0.6157     78.14           78.14           88.68      0.8377       0.7150       0.7448       0.00           
30       0.7143     77.22           77.22           84.26      0.8507       0.7160       0.7497       0.00           
31       0.7347     74.25           74.25           82.83      0.7986       0.6736       0.6921       0.00           
32       1.2209     66.56           66.56           73.28      0.7928       0.5727       0.5906       0.00           
33       0.2716     90.76           90.76           98.08      0.9266       0.9143       0.9195       0.00           
34       0.5721     79.97           79.97           88.21      0.8412       0.7255       0.7502       0.00           
35       0.5149     81.69           81.69           92.91      0.8611       0.8075       0.8272       0.00           
36       0.3983     85.91           85.91           95.06      0.8914       0.8695       0.8791       0.00           
37       0.4867     82.65           82.65           92.84      0.8803       0.7877       0.8185       0.00           
38       0.3781     87.79           87.79           94.83      0.9111       0.8563       0.8787       0.00           
39       0.2466     90.80           90.80           98.25      0.9266       0.9204       0.9214       0.00           
40       0.2239     92.18           92.18           98.41      0.9345       0.9324       0.9331       0.00           
41       0.2447     91.10           91.10           98.02      0.9172       0.9294       0.9227       0.00           
42       0.2567     90.84           90.84           97.73      0.9193       0.9290       0.9227       0.00           
43       0.2040     92.18           92.18           98.51      0.9338       0.9258       0.9292       0.00           
44       0.2007     92.56           92.56           98.54      0.9388       0.9367       0.9373       0.00           
45       0.2130     92.52           92.52           98.35      0.9306       0.9383       0.9342       0.00           
46       0.5618     83.90           83.90           91.94      0.8850       0.7822       0.8052       0.00           
47       0.3548     88.67           88.67           95.54      0.9165       0.8597       0.8835       0.00           
48       0.2241     91.72           91.72           98.18      0.9367       0.9310       0.9331       0.00           
49       0.1928     93.44           93.44           98.65      0.9418       0.9509       0.9460       0.00           
50       0.2170     91.89           91.89           98.19      0.9311       0.9339       0.9322       0.00           
51       0.4327     86.54           86.54           94.16      0.9060       0.8266       0.8528       0.00           
52       0.3674     86.91           86.91           96.44      0.9080       0.8489       0.8713       0.00           
53       0.4919     85.45           85.45           93.23      0.9007       0.8177       0.8450       0.00           
54       0.2056     93.10           93.10           98.42      0.9420       0.9429       0.9420       0.00           
55       0.1935     92.98           92.98           98.69      0.9400       0.9344       0.9365       0.00           
56       0.1548     94.44           94.44           99.06      0.9550       0.9484       0.9514       0.00           
57       0.1600     94.31           94.31           98.91      0.9530       0.9442       0.9482       0.00           
58       0.1573     94.77           94.77           98.95      0.9575       0.9515       0.9543       0.00           
59       0.1500     94.52           94.52           99.09      0.9525       0.9468       0.9493       0.00           
60       0.1557     94.77           94.77           99.01      0.9552       0.9534       0.9541       0.00           
61       0.1554     94.31           94.31           99.04      0.9539       0.9483       0.9510       0.00           
62       0.1502     94.57           94.57           99.06      0.9549       0.9512       0.9529       0.00           
63       0.1477     94.94           94.94           99.13      0.9586       0.9541       0.9562       0.00           
64       0.1475     94.77           94.77           99.08      0.9574       0.9517       0.9544       0.00           
65       0.1543     94.82           94.82           99.04      0.9576       0.9510       0.9541       0.00           
66       0.1513     94.69           94.69           99.07      0.9552       0.9511       0.9530       0.00           
67       0.1477     94.77           94.77           99.07      0.9553       0.9518       0.9534       0.00           
68       0.1464     94.86           94.86           99.08      0.9580       0.9523       0.9550       0.00           
69       0.1525     94.82           94.82           99.08      0.9577       0.9522       0.9547       0.00           
70       0.1503     94.90           94.90           99.09      0.9583       0.9527       0.9553       0.00           
71       0.1532     94.82           94.82           99.05      0.9577       0.9530       0.9552       0.00           
72       0.1471     94.90           94.90           99.09      0.9583       0.9526       0.9553       0.00           
73       0.1555     94.69           94.69           99.08      0.9552       0.9503       0.9525       0.00           
74       0.1525     94.69           94.69           99.08      0.9568       0.9514       0.9538       0.00           
75       0.1509     94.94           94.94           99.10      0.9586       0.9541       0.9562       0.00           
76       0.1497     94.65           94.65           99.09      0.9564       0.9508       0.9535       0.00           
77       0.1429     94.98           94.98           99.13      0.9579       0.9542       0.9560       0.00           
78       0.1447     94.94           94.94           99.12      0.9576       0.9539       0.9557       0.00           
79       0.1488     94.94           94.94           99.14      0.9586       0.9531       0.9556       0.00           
80       0.1564     94.65           94.65           99.06      0.9565       0.9509       0.9535       0.00           
81       0.1498     94.82           94.82           99.12      0.9562       0.9522       0.9539       0.00           
82       0.1506     94.77           94.77           99.12      0.9574       0.9519       0.9544       0.00           
83       0.1447     94.77           94.77           99.10      0.9553       0.9516       0.9534       0.00           
84       0.1498     94.77           94.77           99.10      0.9574       0.9518       0.9544       0.00           
85       0.1463     94.94           94.94           99.11      0.9586       0.9539       0.9562       0.00           
86       0.1489     94.86           94.86           99.12      0.9555       0.9543       0.9548       0.00           
87       0.1448     94.86           94.86           99.12      0.9580       0.9523       0.9550       0.00           
88       0.1525     94.73           94.73           99.09      0.9571       0.9516       0.9541       0.00           
89       0.1473     95.11           95.11           99.12      0.9598       0.9543       0.9569       0.00           
90       0.1506     94.77           94.77           99.08      0.9563       0.9519       0.9539       0.00           
91       0.1482     94.86           94.86           99.12      0.9580       0.9524       0.9550       0.00           
92       0.1485     94.73           94.73           99.12      0.9570       0.9515       0.9541       0.00           
93       0.1499     94.73           94.73           99.10      0.9571       0.9526       0.9546       0.00           
94       0.1477     94.77           94.77           99.09      0.9559       0.9517       0.9536       0.00           
95       0.1484     94.90           94.90           99.10      0.9583       0.9527       0.9553       0.00           
96       0.1533     94.90           94.90           99.09      0.9583       0.9529       0.9553       0.00           
97       0.1520     94.82           94.82           99.08      0.9577       0.9531       0.9552       0.00           
98       0.1569     94.52           94.52           99.04      0.9556       0.9501       0.9526       0.00           
99       0.1630     94.52           94.52           99.03      0.9556       0.9491       0.9520       0.00           
100      0.1431     94.94           94.94           99.13      0.9586       0.9529       0.9556       0.00           
101      0.1529     94.52           94.52           99.08      0.9554       0.9459       0.9503       0.00           
102      0.1458     94.86           94.86           99.08      0.9580       0.9522       0.9550       0.00           
103      0.1461     94.77           94.77           99.13      0.9558       0.9508       0.9531       0.00           
104      0.1556     94.57           94.57           99.07      0.9543       0.9493       0.9515       0.00           
105      0.1496     94.82           94.82           99.12      0.9577       0.9532       0.9552       0.00           
106      0.1497     95.03           95.03           99.10      0.9577       0.9546       0.9560       0.00           
107      0.1418     95.03           95.03           99.14      0.9592       0.9535       0.9562       0.00           
108      0.1478     94.73           94.73           99.10      0.9570       0.9504       0.9535       0.00           
109      0.1486     94.73           94.73           99.09      0.9571       0.9524       0.9546       0.00           
110      0.1438     94.94           94.94           99.13      0.9576       0.9550       0.9562       0.00           
111      0.1562     94.57           94.57           99.07      0.9558       0.9473       0.9512       0.00           
112      0.1525     94.86           94.86           99.10      0.9566       0.9534       0.9548       0.00           
113      0.1486     94.82           94.82           99.11      0.9577       0.9520       0.9547       0.00           
114      0.1477     94.94           94.94           99.13      0.9586       0.9531       0.9556       0.00           
115      0.1468     94.77           94.77           99.14      0.9574       0.9528       0.9549       0.00           
116      0.1533     94.82           94.82           99.08      0.9557       0.9533       0.9543       0.00           
117      0.1505     94.82           94.82           99.10      0.9567       0.9540       0.9553       0.00           
118      0.1486     94.57           94.57           99.10      0.9543       0.9492       0.9515       0.00           
119      0.1501     94.69           94.69           99.09      0.9557       0.9513       0.9533       0.00           
120      0.1440     95.03           95.03           99.10      0.9592       0.9535       0.9562       0.00           
121      0.1483     94.77           94.77           99.12      0.9573       0.9507       0.9538       0.00           
122      0.1469     94.94           94.94           99.11      0.9576       0.9530       0.9552       0.00           
123      0.1502     94.61           94.61           99.09      0.9561       0.9505       0.9531       0.00           
124      0.1521     94.48           94.48           99.04      0.9552       0.9440       0.9493       0.00           
125      0.1493     94.57           94.57           99.10      0.9558       0.9502       0.9528       0.00           
126      0.1521     94.65           94.65           99.07      0.9564       0.9498       0.9529       0.00           
127      0.1489     94.94           94.94           99.08      0.9576       0.9540       0.9557       0.00           
128      0.1433     94.90           94.90           99.12      0.9573       0.9525       0.9548       0.00           
129      0.1507     94.90           94.90           99.11      0.9584       0.9548       0.9564       0.00           
130      0.1442     94.98           94.98           99.13      0.9589       0.9532       0.9559       0.00           
131      0.1416     94.90           94.90           99.15      0.9583       0.9525       0.9553       0.00           
132      0.1521     94.86           94.86           99.12      0.9580       0.9525       0.9550       0.00           
133      0.1507     94.77           94.77           99.11      0.9575       0.9530       0.9549       0.00           
134      0.1467     94.94           94.94           99.13      0.9586       0.9530       0.9556       0.00           
135      0.1542     94.61           94.61           99.08      0.9561       0.9486       0.9520       0.00           
136      0.1509     94.65           94.65           99.08      0.9563       0.9468       0.9512       0.00           
137      0.1609     94.57           94.57           99.05      0.9560       0.9506       0.9529       0.00           
138      0.1530     94.48           94.48           99.09      0.9552       0.9498       0.9523       0.00           
139      0.1474     94.82           94.82           99.13      0.9577       0.9531       0.9552       0.00           

🏆 最佳验证指标 (Epoch 89):
  损失: 0.1473
  全量准确率: 95.11%
  有效类准确率: 95.11%
  MAP: 99.12%
  宏平均精确率: 0.9598
  宏平均召回率: 0.9543
  宏平均F1分数: 0.9569
  对应学习率: 1.00e-08

📋 最佳验证轮次分类报告（6类全量）:
------------------------------------------------------------
              precision    recall  f1-score   support

      Ra0.05       0.97      0.92      0.94       127
       Ra0.1       0.95      0.97      0.96       541
       Ra0.2       0.94      0.96      0.95       534
       Ra0.4       0.94      0.95      0.94       520
       Ra0.8       0.97      0.93      0.95       579
       Ra1.6       1.00      1.00      1.00        91

    accuracy                           0.95      2392
   macro avg       0.96      0.95      0.96      2392
weighted avg       0.95      0.95      0.95      2392

📊 最佳验证轮次混淆矩阵（6类全量）:
------------------------------------------------------------
[[ 117   10    0    0    0    0]
 [   2  523   13    0    3    0]
 [   0    8  511    9    6    0]
 [   1    6   10  493   10    0]
 [   1    5   10   23  540    0]
 [   0    0    0    0    0   91]]

🧪 测试集评估结果 (基于最佳验证模型)
----------------------------------------
整体指标（6类全量）:
  准确率: 94.26%
  有效类准确率: 94.26%
  MAP: 98.90%
  宏平均精确率: 0.9570
  宏平均召回率: 0.9479
  宏平均F1分数: 0.9519

分类报告（6类全量）:
              precision    recall  f1-score   support

      Ra0.05       1.00      0.93      0.96       122
       Ra0.1       0.97      0.97      0.97       607
       Ra0.2       0.91      0.96      0.93       600
       Ra0.4       0.92      0.92      0.92       526
       Ra0.8       0.96      0.91      0.93       591
       Ra1.6       0.99      1.00      0.99        97

    accuracy                           0.94      2543
   macro avg       0.96      0.95      0.95      2543
weighted avg       0.94      0.94      0.94      2543

混淆矩阵（6类全量）:
[[ 113    9    0    0    0    0]
 [   0  589   15    2    1    0]
 [   0    5  577   12    6    0]
 [   0    2   23  486   15    0]
 [   0    3   22   30  535    1]
 [   0    0    0    0    0   97]]

================================================================================
✅ 报告结束
